0 0.418945 0.359375 0.055339 0.088349
0 0.633247 0.383488 0.053385 0.094907
1 0.571289 0.294367 0.063151 0.057870
2 0.487630 0.339892 0.062500 0.172068
3 0.559028 0.408179 0.076823 0.135031
4 0.472331 0.455633 0.046224 0.040123
5 0.436632 0.426698 0.012587 0.037037
5 0.530924 0.277006 0.008898 0.031636
5 0.530382 0.316165 0.010851 0.030478
5 0.608181 0.295139 0.011502 0.037809
5 0.622938 0.294174 0.013238 0.035880
6 0.412109 0.266204 0.018663 0.032407
6 0.406250 0.448110 0.017795 0.033565
7 0.644206 0.288580 0.019314 0.031636
7 0.636936 0.471836 0.017795 0.031636
